#Summary Statistics for plots/LakeShoreLogTotal_today_stats
Sensor	Mean	std	Median	Max	Min	Range
<<<<<<< HEAD
Cal_Low	17.328	0.051	17.322	17.425	17.239	0.186	
Cal_High	16.793	0.041	16.784	16.874	16.731	0.143	
Out_Low	15.518	0.068	15.525	15.702	15.276	0.426	
Out_High	15.538	0.142	15.546	16.082	15.060	1.022	
HPF_High	18.813	0.058	18.809	18.926	18.710	0.216	
HPF_Low	19.060	0.064	19.058	19.174	18.948	0.226	
=======
Cal_Low	16.314	0.004	16.314	16.324	16.307	0.017	
Cal_High	15.957	0.011	15.957	15.980	15.941	0.039	
Out_Low	16.008	0.041	16.014	16.129	15.866	0.263	
Out_High	16.684	0.149	16.718	16.872	16.016	0.856	
HPF_High	16.278	0.003	16.278	16.286	16.268	0.018	
HPF_Low	16.449	0.002	16.449	16.455	16.441	0.014	
>>>>>>> 778c11ceb2744642fd42171e216786b986239dc2
