#Summary Statistics for plots/LakeShoreLogTotal_stats
Sensor	Mean	std	Median	Max	Min	Range
<<<<<<< HEAD
Cal_Low	17.514	2.609	16.448	25.643	14.496	11.147	
Cal_High	17.235	2.761	16.105	26.856	14.080	12.776	
Out_Low	17.265	2.794	16.207	26.532	11.376	15.156	
Out_High	18.253	3.208	17.056	31.424	11.861	19.563	
HPF_High	17.141	2.092	16.297	26.165	15.065	11.100	
HPF_Low	17.276	1.987	16.475	24.868	9.505	15.363	
=======
Cal_Low	17.273	2.251	16.482	25.643	14.362	11.281	
Cal_High	16.967	2.385	16.123	26.856	13.829	13.027	
Out_Low	16.960	2.431	16.141	26.532	11.376	15.156	
Out_High	17.894	2.799	16.971	31.424	11.861	19.563	
HPF_High	17.046	1.793	16.365	26.165	15.065	11.100	
HPF_Low	17.192	1.704	16.559	24.868	9.505	15.363	
>>>>>>> 778c11ceb2744642fd42171e216786b986239dc2
