#Summary Statistics for plots/LakeShoreLogTotal_week_stats
Sensor	Mean	std	Median	Max	Min	Range
<<<<<<< HEAD
Cal_Low	19.599	1.324	20.457	20.534	17.148	3.386	
Cal_High	19.195	1.406	20.110	20.246	16.645	3.601	
Out_Low	18.513	2.178	19.973	20.236	14.189	6.047	
Out_High	19.044	2.414	20.544	21.106	15.041	6.065	
HPF_High	19.854	0.601	20.213	20.324	18.587	1.737	
HPF_Low	20.061	0.565	20.387	20.510	18.812	1.698	
=======
Cal_Low	16.362	0.031	16.374	16.406	16.307	0.099	
Cal_High	16.003	0.036	16.013	16.068	15.932	0.136	
Out_Low	16.024	0.039	16.029	16.192	15.849	0.343	
Out_High	16.684	0.150	16.725	17.048	15.983	1.065	
HPF_High	16.279	0.004	16.278	16.297	16.260	0.037	
HPF_Low	16.451	0.003	16.451	16.465	16.436	0.029	
>>>>>>> 778c11ceb2744642fd42171e216786b986239dc2
