#Summary Statistics for plots/LakeShoreLogTotal_month_stats
Sensor	Mean	std	Median	Max	Min	Range
<<<<<<< HEAD
Cal_Low	22.153	2.373	20.753	25.568	17.148	8.420	
Cal_High	21.953	2.621	20.320	25.850	16.645	9.205	
Out_Low	21.623	3.137	20.072	26.532	14.189	12.343	
Out_High	22.661	3.657	20.946	30.744	15.041	15.703	
HPF_High	21.471	1.346	21.110	23.295	18.587	4.708	
HPF_Low	21.541	1.198	21.340	23.075	18.812	4.263	
=======
Cal_Low	16.389	0.053	16.385	16.769	16.307	0.462	
Cal_High	16.035	0.084	16.027	17.049	15.932	1.117	
Out_Low	16.055	0.086	16.060	16.506	14.532	1.974	
Out_High	16.712	0.135	16.746	18.148	15.983	2.165	
HPF_High	16.287	0.009	16.286	16.338	16.259	0.079	
HPF_Low	16.459	0.008	16.458	16.491	16.414	0.077	
>>>>>>> 778c11ceb2744642fd42171e216786b986239dc2
